0
0.3448072413
0.8498765125
0.3174314953
0.6179766044
0.3192647518
0.9078986226
0.4133637209
0.3096322544
0.3887126219
0.3966078727
0.5963781179
0.4233239737
0.4011583601
0.6428610607
0.3118928702
0.3190045779
0.9452635414
0.7427134433
0.7338264951
0.392389827
0.3164043475
0.3167670997
0.3281089876
0.5095228256
0.3163685594
0.8525589038
0.9835487634
0
0.8629485262
0.2814830038
0.6325974311
0.2728311843
0.9178870131
0.3650396577
0.2851786419
0.330099873
0.3422445914
0.6057166486
0.3855088393
0.3474127748
0.6378995707
0.2839795038
0.2805668967
0.9508840556
0.7594802771
0.7508521863
0.348108953
0.2753991475
0.2834379027
0.2900729891
0.4947907215
0.2801579071
0.8663804047
0.9853742771
0
0.862887622
0.810396628
0.8635493901
0.8713060469
0.8470107371
0.8598945406
0.8550212407
0.8526179571
0.8082164053
0.8428382859
0.8500189186
0.8244580347
0.861857425
0.8604724776
0.9010672184
0.7895512982
0.8118359566
0.8536501961
0.8640197543
0.8599600628
0.8574972389
0.8242540249
0.8609989666
0.7449506359
0.9976713963
0
0.6362764282
0.2223219504
0.9170348767
0.3841172823
0.2536772642
0.3418433894
0.3544787439
0.6116425175
0.4008353952
0.3639279508
0.6476353491
0.2205877983
0.2300114368
0.9507073513
0.7602146606
0.7519126285
0.3498364634
0.1626221119
0.2333281138
0.2827435563
0.5043506683
0.2288533793
0.8658248231
0.9794469245
0
0.6363025467
0.8782341277
0.6093631787
0.629182479
0.620918662
0.6170434389
0.610991189
0.6095476091
0.6127414308
0.6617412475
0.6333823344
0.6316461441
0.9218135038
0.7172797601
0.7223077635
0.6206324349
0.6382884141
0.630737317
0.6269086782
0.6014030644
0.6298067602
0.8138923705
0.9963108642
0
0.9176141859
0.378320249
0.2501503555
0.3375541989
0.3531502067
0.6103954778
0.3961394592
0.3593070553
0.6465798691
0.1433657843
0.205648919
0.9509410983
0.7610036925
0.7519424188
0.3540473283
0.2135032988
0.2092243885
0.2696022426
0.5047431651
0.1952498672
0.8669128208
0.9843666698
0
0.9084105228
0.9155862726
0.9126455334
0.9108349723
0.8819163944
0.905399982
0.9101073072
0.8958224821
0.9163802518
0.9155571965
0.9173266338
0.8672822467
0.8714191814
0.9114382162
0.9178714074
0.914978738
0.9135228523
0.8950712202
0.9158599488
0.870627558
0.9984564922
0
0.3798290953
0.381484084
0.3892866069
0.5834318621
0.4165422415
0.3852757286
0.6175289717
0.3832337335
0.381013681
0.9441154743
0.7387304914
0.7339772761
0.3952809692
0.382429637
0.3846516448
0.3843313398
0.4866819114
0.377061491
0.851499212
0.993223825
0
0.3458513963
0.3578114787
0.6042153352
0.3970243061
0.3608639842
0.6389324995
0.2474285882
0.2572347646
0.9493536697
0.7552260606
0.7479626252
0.352419224
0.2486611592
0.2579041599
0.2817927732
0.4966014549
0.2505958117
0.8633673829
0.9821056031
0
0.3020846693
0.5934350214
0.4055328029
0.3349124902
0.6300536503
0.3460188953
0.3423405801
0.9476204872
0.7490613651
0.7409938806
0.305828662
0.3388540067
0.3453219758
0.3519466941
0.4875044542
0.3441934208
0.8581802549
0.9879590606
0
0.5910790164
0.4107272342
0.343697692
0.6260313185
0.3595670331
0.3534272736
0.9464390818
0.7458961864
0.7386171666
0.3181084702
0.3534247421
0.3546965701
0.3629328333
0.4842247371
0.3580143136
0.8554143794
0.9896120074
0
0.5841967456
0.5877244907
0.634178225
0.6089096463
0.6061344929
0.9218234727
0.7126200407
0.7223740817
0.5954538472
0.6134197916
0.6059835517
0.6006352676
0.5722249482
0.6053813421
0.8147744696
0.9967937458
0
0.414123172
0.6146769605
0.3996505929
0.3983937576
0.9416411099
0.7358961753
0.7330924292
0.4178561932
0.3984214452
0.3961113119
0.3998988208
0.4940145349
0.3942629692
0.8466601365
0.9907417557
0
0.6249690221
0.3634852388
0.3647599751
0.9457904932
0.7409452434
0.7353360308
0.3451180959
0.3611717855
0.3632302597
0.3735162377
0.4861974872
0.3614871269
0.8543895421
0.9905032752
0
0.6455150409
0.6438961343
0.9220018581
0.7441722831
0.7752937545
0.6354748924
0.6488401236
0.6430809049
0.6392373038
0.5800274625
0.642782614
0.8324051297
0.9966618912
0
0.2157289832
0.9500894885
0.758095358
0.7501505155
0.3528229351
0.21400151
0.2147540719
0.2812803073
0.5039688075
0.2033530715
0.8650055691
0.9810330811
0
0.9497526104
0.7570122164
0.7475875687
0.3583398549
0.2240707529
0.2105983356
0.2738983523
0.5011930742
0.2031028313
0.8641167879
0.9846331936
0
0.9111186229
0.9216084647
0.947034037
0.95118279
0.9495610318
0.9485376931
0.9302343882
0.9497989713
0.9035506619
0.9989162267
0
0.7406503493
0.7469978967
0.7620640655
0.7565237794
0.7524091484
0.7201312216
0.7560266779
0.7921638073
0.9957828387
0
0.7396718816
0.7534595085
0.7470274084
0.7437574168
0.7311331306
0.7480484061
0.811345394
0.9961211924
0
0.3475684408
0.3591832957
0.3695039778
0.4919390064
0.3588027533
0.8566957336
0.9841883251
0
0.2279347486
0.2774127194
0.5055460686
0.2221416526
0.8671176162
0.9790955401
0
0.2817291963
0.5005584859
0.2005592269
0.8632578717
0.985921198
0
0.5008598278
0.2747051241
0.8609343761
0.9863722266
0
0.5033096011
0.8296722857
0.9927064834
0
0.8638418457
0.9870652692
0
0.9975989073
0
